-0.805308766845
0.791264211668505
0.300960771681317
-0.266125369341611
-0.937391082348199
-1.52417949537275
0.565590917280046
1.8671050999533
0.767144698465523
-0.693998166448289
-0.413529304329567
0.95956939975241
-0.0283317270307201
0.489015745331207
0.512266080215122
0.292250201304442
-0.153249789588488
0.502736542502056
-0.259508620783744
0.00759360378255418
-0.280050411837845
0.387439847312067
0.0119485438322455
-0.209810264451722
0.497355211663411
0.187228233896657
0.162167894042278
0.0511281149357593
-0.620497962110927
-0.396451902100294
1.1285570553664
0.0575341939604878
1.42283262298088
-0.616327252910879
0.208909470027754
0.452248382519131
0.0714386790878669
0.527015379926446
-0.308023080763713
0.417440934759927
-0.583442616719379
0.384333249307286
-0.447012708337988
-0.171187914992982
-0.00920426567733469
1.04332044262339
-0.583445736999796
0.678312872385939
0.0163071667688837
0.382674962977565
0.00468965222535758
-0.195941052140484
0.046219138727082
0.135347487867708
-0.287107040827002
0.0901275844431816
0.393891133896603
-0.486644951497093
-0.498871576782838
0.960105632587395
-0.0190747295362125
0.145294342711231
0.167559639590753
0.415492666103423
-0.132030045183454
0.0562724759675151
0.669267976040475
-0.259039293636333
-0.458436837283682
0.419340829161392
0.0259192267268925
-0.541933900057668
-0.166400899246634
-0.0783790174401264
0.773059289597508
-0.976455402016534
-0.516869717225209
0.0358661297872793
1.00718328866513
0.211602732307935
-0.646526740627594
-0.809011668701352
-0.532882299628834
-0.665517152101654
0.53277267359627
0.175133400821899
-1.53099934749199
0.451236255367062
0.491374398190448
-0.758136734727208
0.723847036394701
0.505648055920632
0.454921658993898
0.0228606585275365
0.875164133836274
0.56732170222497
0.683344574825957
0.144917436297982
-0.12663388228397
0.380946473460098
-0.11939004725405
0.705643798889079
-0.0905619998573642
0.60429840337736
-0.420725193548022
-0.0252483097601737
-0.485774356049417
1.04557450867789
0.0603409311707034
-0.300955972441182
-1.17103739816747
-0.150038112911129
-0.17208585033755
0.892306148854401
0.318193750908104
0.611987652594249
0.458910727615987
0.320732396964897
0.376337869677512
0.849783906547365
0.308683873128438
-0.418993559251454
-0.565273198544647
-0.659873914922273
-0.136687230289919
0.415854424285621
-0.430680737699759
0.59659412051324
0.966417401176273
0.199784073104983
0.309249029154238
0.313851755065275
0.225815404982631
-1.04399688631415
-0.676715775876618
0.0326335755512261
0.121940657477872
0.387157042424577
-0.892302632797644
0.240184036222375
0.435777286598624
0.0755845729457368
0.405114512677912
1.01187180015298
0.679036809771704
-0.672169492184989
0.608821961500283
-0.492345138046494
0.115771132945406
-0.131151115239807
0.0240830621831437
0.190336946242826
-0.0596008674675718
0.375116732981843
-1.48735897430649
-0.103550075682077
0.18607653391787
-0.108787227612819
-0.381520208746056
0.796839168165991
0.0468711315144464
-0.125013935620317
-1.00762597140795
0.536524048750918
-1.05993633886377
-0.300703113013129
0.738049987998446
-0.0841073573247507
-0.015047132179036
1.59408673001676
0.758768764325359
0.00270397181239235
0.0452777924282564
-0.546967217560785
0.381712681364475
-0.621662503603385
-0.517171795804497
-0.880477888638475
-0.815414631134814
-0.0986446159547548
-0.359467984053182
-0.472289315772177
0.347852410567558
-0.314547679022371
-0.188204014201209
-1.13179065816746
0.193434868992523
0.317610239438796
0.781269160418287
0.336388975710966
0.432948872696664
-0.133343319103362
0.13811708771358
-0.325596163017973
-0.317774560870749
0.327807905464404
-0.317972769803616
0.875610944519379
0.34530063428157
-1.15417888757659
-0.0898263253512093
0.175443269935571
0.196613776164052
-0.571113538347045
-0.919049977103459
0.637896949965991
0.975657376944895
0.514282982618389
0.287333290333389
-0.436774322322497
0.732613456093239
0.122550690628082
-0.41555469023412
0.471244031636622
-0.124425467930444
0.242826217684381
0.346891889616494
-0.301425147679771
0.610084425158863
-0.499734277084768
-0.316546259283489
0.17656240861795
0.320250610693919
0.435280886422235
0.377971044134592
0.086060654712449
-0.120662258506783
0.474099518223541
-0.874590514283747
0.247917676007141
0.332664401475331
-0.0446613971008391
-0.485860682675175
-1.1209166634526
0.18489030956386
-0.871027504845668
0.582889290536683
-0.647367748059398
-0.870559265232936
0.482598109920415
1.14556266923834
-0.217445696673693
0.0809083314616675
-0.0171379277599646
0.563891385079229
-0.432030196903843
0.552196888849339
0.523511965866378
-1.12121295722077
-0.005030553853627
0.121484097887821
-0.872886173779713
-0.403573550891838
0.0625263048146161
0.0510001738031438
-0.103067777411532
-0.339675463984925
0.530027557987621
0.0343984426541139
0.194260822540561
0.401005761755536
1.15199731428997
-0.412601053878235
-0.340479423886206
0.656643512226082
-0.451973713930925
0.406167159566676
-0.223674815130841
0.813168808518187
0.191374127194902
-0.508347284309573
-0.00318253649077136
-0.705966424408876
-0.368492725747305
-0.210842425288095
1.0034378969336
-0.899106267620628
-0.518028077828384
0.75085425715093
-0.180960074484517
0.648942338319503
-0.305839768835731
-0.0158902874969007
0.320839919674136
0.219640359978524
-0.172919935966361
0.521608483404803
-0.142602481676049
-0.249861144338916
0.289536552336746
-0.884494016115683
-0.00791822423341388
-0.330620363845185
-0.125239970835004
0.616969548359867
0.0463201281922344
-0.113943431059008
0.669307719125697
0.258869352873228
-0.129625121456257
1.18064100686219
-0.180616586501698
-0.571553363975448
1.01510442066968
-0.343751816823573
0.472486611977137
-0.422931215104041
0.0952766994367931
0.781842890844894
-0.216773750484004
-0.340451033370859
-0.166365040767332
-0.772258963926807
0.997104109261566
-0.608311047461624
1.55695843625531
-0.682616375476701
-0.430712904363901
-0.280245602214527
-0.0228368202671126
-0.201611609581983
-0.240301870949059
0.854429705395602
-0.329020614827683
0.22847151094926
-0.228126722798684
-0.249266066281488
0.452772398231322
-0.0414933687090035
-0.625383584670709
-0.0508776259797545
0.700751027668393
-0.308503909360166
-0.0858827942947558
0.218416035181129
-0.270387523552341
0.274232801469292
0.614265228792808
0.237675003426574
0.427394907271017
1.08064572801238
-0.155179781387291
0.377237426821357
-0.614774162877513
-0.0131017065343286
0.6664333263591
-0.199670281380514
-0.916529010975934
-0.370036968481488
0.09789186794823
1.06576034010324
-0.854344385427178
0.317337149848454
-0.0201440037395554
0.484995387736583
-0.826768314499256
1.07712033693226
0.0862973243375044
1.10094943299272
1.26524718807059
0.115851698936567
-0.434103563396185
-0.730642921486004
0.429113317271744
-0.0619700183840479
0.000784019110221933
-0.565197731643726
-0.331350879913534
0.0995029294306003
-0.00541232842524322
0.316312580482695
0.671914366563912
0.196552383601965
-0.541465560525881
0.65440456017957
0.369934276209658
-0.472884195107963
0.420407952144891
0.473127465689546
-0.0863674345295868
0.250684840119412
-0.147883682465738
0.620720180098288
0.559992902655181
-0.122111172178162
-0.759592017357903
0.0862661229678755
-0.314971456648391
0.447843820573916
-0.349819190932455
0.550231484542178
0.336066604452994
0.271057949709317
0.0627215628557338
-0.770070019454079
0.349261285091999
-0.562106357681876
-0.00739188244206776
-0.397358115623264
1.12318330589084
0.141395794369694
0.407667855561564
0.503076325540462
-1.07537059092485
1.0113466132909
-0.718996708250364
-0.431007073302557
-0.539678557449473
0.517471056269016
0.778741216837793
-0.423192140320435
0.226674242246433
0.179503101638411
0.672939791376887
-0.0566255358130587
-0.563297808360608
-0.539600673383746
0.449074082555926
0.147211309380813
1.48260570513056
-0.372408745984543
-0.528033296866255
0.425392879779721
-0.785395591643656
-0.401831141273068
0.379086145391628
-0.423623424095652
0.0858833656623829
-0.180987300756587
0.285797945974786
-0.426263913788305
0.086426513019176
0.280072897657985
-0.379744173893744
0.264739695644826
0.428145569404152
0.273185824717946
0.260658946212859
-1.01949356026015
-0.784429205311465
1.20060107308016
-0.0231544140436463
-1.01587971628972
-0.526311696648233
-0.0757593569561505
-0.161186033439157
-0.139613581388556
0.656336923215034
0.15371216649147
0.0992092682221997
-0.653900731342121
-0.92152375770911
0.378618744678479
0.129177236761207
-0.0747401585556157
0.337143526037432
0.11730850298209
0.445949452850469
-0.690303215811135
-0.378277521092547
1.31079130878686
-0.532315544321949
-0.363903873280008
-0.171230544185523
0.712423658710531
0.206316573375635
-0.326771393269087
-0.939928716472771
-0.0114219073959702
-0.69374822459977
-0.196971582155823
0.213345545238183
-0.410638987321097
-0.503470509403081
0.102948946044546
0.0382409154971469
0.653270819861703
-0.32848706660362
-0.205606719129102
-1.57096482057164
-0.291339213658046
0.674148974940231
0.46133248298762
0.181985407799064
0.175868611013166
-0.30265623550586
-0.0971097709815146
0.698643652316853
0.61163588055252
-0.518730462699418
-0.336449759875804
-0.252763966914023
-0.0798827151779815
-0.0659900325775304
-0.00898638926478372
-0.454908267878181
0.576664931521828
0.116421550948488
-1.1701135049468
-0.319618376284108
